0
0.0249688
0.0498752
0.0747195
0.0995017
0.124222
0.148881
0.173478
0.198013
0.222488
0.246901
0.271253
0.295545
0.319776
0.343946
0.368056
0.392106
0.416095
0.440025
0.463895
0.487706
0.511457
0.535149
0.558781
0.582355
0.605869
0.629325
0.652723
0.676062
0.699343
0.722565
0.74573
0.768837
0.791886
0.814877
0.837811
0.860688
0.883508
0.906271
0.928977
0.951626
0.974219
0.996755
1.01923
1.04166
1.06403
1.08634
1.10859
1.1308
1.15294
1.17503
1.19707
1.21905
1.24097
1.26284
1.28466
1.30642
1.32812
1.34978
1.37138
1.39292
1.41441
1.43585
1.45723
1.47856
1.49984
1.52106
1.54223
1.56335
1.58442
1.60543
1.62639
1.6473
1.66815
1.68896
1.70971
1.73041
1.75106
1.77165
1.7922
1.81269
1.83314
1.85353
1.87387
1.89416
1.9144
1.93459
1.95472
1.97481
1.99485
2.01484
2.03478
2.05466
2.0745
2.09429
2.11403
2.13372
2.15336
2.17295
2.1925
2.21199
2.23144
2.25084
2.27018
2.28948
2.30874
2.32794
2.3471
2.36621
2.38527
2.40428
2.42324
2.44216
2.46103
2.47986
2.49863
2.51736
2.53605
2.55468
2.57327
2.59182
2.61032
2.62877
2.64717
2.66553
2.68384
2.70211
2.72033
2.73851
2.75664
2.77473
2.79277
2.81076
2.82871
2.84662
2.86448
2.8823
2.90007
2.9178
2.93548
2.95312
2.97071
2.98827
3.00577
3.02324
3.04066
3.05803
3.07537
3.09266
3.1099
3.12711
3.14427
3.16139
3.17846
3.19549
3.21248
3.22943
3.24634
3.2632
3.28002
3.2968
3.31354
3.33023
3.34689
3.3635
3.38007
3.3966
3.41309
3.42953
3.44594
3.4623
3.47863
3.49491
3.51115
3.52735
3.54351
3.55964
3.57572
3.59176
3.60776
3.62372
3.63964
3.65552
3.67136
3.68716
3.70293
3.71865
3.73433
3.74998
3.76558
3.78115
3.79668
3.81217
3.82762
3.84303
3.8584
3.87374
3.88903
3.90429
3.91951
3.93469
3.94984
3.96494
3.98001
3.99504
4.01004
4.02499
4.03991
4.05479
4.06964
4.08445
4.09922
4.11395
4.12865
4.14331
4.15793
4.17252
4.18707
4.20158
4.21606
4.2305
4.24491
4.25928
4.27361
4.28791
4.30217
4.3164
4.33059
4.34475
4.35887
4.37295
4.387
4.40102
4.415
4.42894
4.44285
4.45673
4.47057
4.48437
4.49815
4.51188
4.52559
4.53926
4.55289
4.56649
4.58006
4.59359
4.60709
4.62056
4.63399
4.64739
4.66075
4.67408
4.68738
4.70065
4.71388
4.72708
4.74024
4.75337
4.76647
4.77954
4.79258
4.80558
4.81855
4.83149
4.84439
4.85726
4.87011
4.88291
4.89569
4.90844
4.92115
4.93383
4.94648
4.9591
4.97168
4.98424
4.99676
5.00926
5.02172
5.03415
5.04655
5.05891
5.07125
5.08356
5.09583
5.10808
5.12029
5.13248
5.14463
5.15675
5.16885
5.18091
5.19294
5.20495
5.21692
5.22886
5.24077
5.25266
5.26451
5.27633
5.28813
5.29989
5.31163
5.32334
5.33501
5.34666
5.35828
5.36987
5.38143
5.39296
5.40447
5.41594
5.42739
5.4388
5.45019
5.46155
5.47288
5.48419
5.49546
5.50671
5.51793
5.52912
5.54028
5.55142
5.56253
5.57361
5.58466
5.59568
5.60668
5.61765
5.62859
5.63951
5.65039
5.66126
5.67209
5.68289
5.69367
5.70443
5.71515
5.72585
5.73652
5.74717
5.75779
5.76838
5.77895
5.78948
5.8
5.81048
5.82095
5.83138
5.84179
5.85217
5.86253
5.87286
5.88316
5.89344
5.9037
5.91392
5.92413
5.9343
5.94445
5.95458
5.96468
5.97476
5.98481
5.99483
6.00483
6.01481
6.02476
6.03469
6.04459
6.05446
6.06431
6.07414
6.08394
6.09372
6.10348
6.1132
6.12291
6.13259
6.14225
6.15188
6.16149
6.17107
6.18063
6.19017
6.19968
6.20917
6.21863
6.22808
6.23749
6.24689
6.25626
6.26561
6.27493
6.28423
6.29351
6.30277
6.312
6.32121
6.33039
6.33955
6.34869
6.35781
6.3669
6.37598
6.38502
6.39405
6.40305
6.41204
6.42099
6.42993
6.43884
6.44774
6.45661
6.46545
6.47428
6.48308
6.49186
6.50062
6.50936
6.51808
6.52677
6.53544
6.54409
6.55272
6.56133
6.56991
6.57848
6.58702
6.59554
6.60404
6.61252
6.62098
6.62942
6.63784
6.64623
6.6546
6.66296
6.67129
6.6796
6.68789
6.69616
6.70441
6.71264
6.72085
6.72903
6.7372
6.74535
6.75348
6.76158
6.76967
6.77773
6.78578
6.7938
6.80181
6.8098
6.81776
6.82571
6.83363
6.84154
6.84942
6.85729
6.86514
6.87297
6.88077
6.88856
6.89633
6.90408
6.91181
6.91952
6.92721
6.93488
6.94254
6.95017
6.95779
6.96538
6.97296
6.98052
6.98806
6.99558
7.00308
7.01056
7.01803
7.02547
7.0329
7.04031
7.0477
7.05507
7.06242
7.06976
7.07707
7.08437
7.09165
7.09891
7.10616
7.11338
7.12059
7.12778
7.13495
7.14211
7.14924
7.15636
7.16346
7.17054
7.17761
7.18465
7.19168
7.1987
7.20569
7.21267
7.21963
7.22657
7.23349
7.2404
7.24729
7.25417
7.26102
7.26786
7.27468
7.28149
7.28827
7.29505
7.3018
7.30854
7.31526
7.32196
7.32865
7.33532
7.34197
7.34861
7.35523
7.36183
7.36842
7.37499
7.38154
7.38808
7.3946
7.40111
7.4076
7.41407
7.42053
7.42697
7.43339
7.4398
7.44619
7.45257
7.45893
7.46528
7.4716
7.47792
7.48421
7.4905
7.49676
7.50301
7.50925
7.51547
7.52167
7.52786
7.53403
7.54019
7.54633
7.55246
7.55857
7.56466
7.57074
7.57681
7.58286
7.5889
7.59492
7.60092
7.60691
7.61289
7.61885
7.62479
7.63072
7.63664
7.64254
7.64843
7.6543
7.66015
7.666
7.67182
7.67764
7.68344
7.68922
7.69499
7.70075
7.70649
7.71221
7.71793
7.72362
7.72931
7.73498
7.74063
7.74627
7.7519
7.75751
7.76311
7.7687
7.77427
7.77983
7.78537
7.7909
7.79642
7.80192
7.80741
7.81288
7.81834
7.82379
7.82922
7.83464
7.84005
7.84544
7.85082
7.85619
7.86154
7.86688
7.87221
7.87752
7.88282
7.88811
7.89338
7.89864
7.90389
7.90912
7.91434
7.91955
7.92474
7.92992
7.93509
7.94025
7.94539
7.95052
7.95564
7.96074
7.96584
7.97091
7.97598
7.98103
7.98608
7.9911
7.99612
8.00112
8.00611
8.01109
8.01606
8.02101
8.02595
8.03088
8.0358
8.0407
8.0456
8.05048
8.05534
8.0602
8.06504
8.06987
8.07469
8.0795
8.0843
8.08908
8.09385
8.09861
8.10336
8.10809
8.11282
8.11753
8.12223
8.12692
8.1316
8.13626
8.14091
8.14556
8.15019
8.1548
8.15941
8.16401
8.16859
8.17316
8.17773
8.18228
8.18681
8.19134
8.19586
8.20036
8.20486
8.20934
8.21381
8.21827
8.22272
8.22716
8.23158
8.236
8.2404
8.2448
8.24918
8.25355
8.25791
8.26226
8.2666
8.27093
8.27524
8.27955
8.28385
8.28813
8.29241
8.29667
8.30092
8.30517
8.3094
8.31362
8.31783
8.32203
8.32622
8.3304
8.33457
8.33873
8.34287
8.34701
8.35114
8.35526
8.35936
8.36346
8.36754
8.37162
8.37569
8.37974
8.38379
8.38782
8.39185
8.39586
8.39987
8.40386
8.40785
8.41183
8.41579
8.41975
8.42369
8.42763
8.43155
8.43547
8.43938
8.44327
8.44716
8.45104
8.45491
8.45876
8.46261
8.46645
8.47028
8.4741
8.47791
8.48171
8.4855
8.48928
8.49305
8.49682
8.50057
8.50431
8.50805
8.51177
8.51549
8.5192
8.52289
8.52658
8.53026
8.53393
8.53759
8.54124
8.54488
8.54852
8.55214
8.55576
8.55936
8.56296
8.56655
8.57013
8.5737
8.57726
8.58081
8.58436
8.58789
8.59142
8.59493
8.59844
8.60194
8.60543
8.60891
8.61239
8.61585
8.61931
8.62276
8.62619
8.62962
8.63305
8.63646
8.63986
8.64326
8.64665
8.65003
8.6534
8.65676
8.66011
8.66346
8.6668
8.67012
8.67345
8.67676
8.68006
8.68336
8.68664
8.68992
8.6932
8.69646
8.69971
8.70296
8.7062
8.70943
8.71265
8.71587
8.71907
8.72227
8.72546
8.72864
8.73182
8.73498
8.73814
8.74129
8.74444
8.74757
8.7507
8.75382
8.75693
8.76003
8.76313
8.76622
8.7693
8.77237
8.77544
8.77849
8.78154
8.78459
8.78762
8.79065
8.79367
8.79668
8.79968
8.80268
8.80567
8.80865
8.81163
8.81459
8.81755
8.82051
8.82345
8.82639
8.82932
8.83224
8.83516
8.83807
8.84097
8.84386
8.84675
8.84963
8.8525
8.85537
8.85822
8.86107
8.86392
8.86676
8.86958
8.87241
8.87522
8.87803
8.88083
8.88363
8.88641
8.88919
8.89197
8.89474
8.89749
8.90025
8.90299
8.90573
8.90846
8.91119
8.91391
8.91662
8.91933
8.92202
8.92472
8.9274
8.93008
8.93275
8.93541
8.93807
8.94072
8.94337
8.94601
8.94864
8.95126
8.95388
8.9565
8.9591
8.9617
8.96429
8.96688
8.96946
8.97203
8.9746
8.97716
8.97971
8.98226
8.9848
8.98734
8.98986
8.99239
8.9949
8.99741
8.99991
9.00241
9.0049
9.00739
9.00987
9.01234
9.0148
9.01726
9.01972
9.02217
9.02461
9.02704
9.02947
9.0319
9.03431
9.03672
9.03913
9.04153
9.04392
9.04631
9.04869
9.05106
9.05343
9.0558
9.05816
9.06051
9.06285
9.06519
9.06753
9.06986
9.07218
9.07449
9.07681
9.07911
9.08141
9.0837
9.08599
9.08827
9.09055
9.09282
9.09509
9.09735
9.0996
9.10185
9.10409
9.10633
9.10856
9.11078
9.113
9.11522
9.11743
9.11963
9.12183
9.12402
9.12621
9.12839
9.13057
9.13274
9.1349
9.13706
9.13922
9.14137
9.14351
9.14565
9.14778
9.14991
9.15203
9.15415
9.15626
9.15837
9.16047
9.16257
9.16466
9.16674
9.16882
9.1709
9.17297
9.17504
9.1771
9.17915
9.1812
9.18324
9.18528
9.18732
9.18935
9.19137
9.19339
9.1954
9.19741
9.19942
9.20142
9.20341
9.2054
9.20738
9.20936
9.21134
9.21331
9.21527
9.21723
9.21918
9.22113
9.22308
9.22502
9.22695
9.22888
9.23081
9.23273
9.23464
9.23656
9.23846
9.24036
9.24226
9.24415
9.24604
9.24792
9.2498
9.25167
9.25354
9.25541
9.25726
9.25912
9.26097
9.26281
9.26465
9.26649
9.26832
9.27015
9.27197
9.27379
9.2756
9.27741
9.27922
9.28102
9.28281
9.2846
9.28639
9.28817
9.28995
9.29172
9.29349
9.29525
9.29701
9.29877
9.30052
9.30226
9.30401
9.30574
9.30748
9.30921
9.31093
9.31265
9.31437
9.31608
9.31779
9.31949
9.32119
9.32289
9.32458
9.32626
9.32794
9.32962
9.3313
9.33297
9.33463
9.33629
9.33795
9.3396
9.34125
9.3429
9.34454
9.34617
9.34781
9.34944
9.35106
9.35268
9.3543
9.35591
9.35752
9.35912
9.36072
9.36232
9.36391
9.3655
9.36708
9.36866
9.37024
9.37181
9.37338
9.37494
9.37651
9.37806
9.37961
9.38116
9.38271
9.38425
9.38579
9.38732
9.38885
9.39038
9.3919
9.39342
9.39493
9.39644
9.39795
9.39945
9.40095
9.40245
9.40394
9.40543
9.40691
9.40839
9.40987
9.41134
9.41281
9.41428
9.41574
9.4172
9.41866
9.42011
9.42156
9.423
9.42444
9.42588
9.42731
9.42874
9.43017
9.43159
9.43301
9.43443
9.43584
9.43725
9.43865
9.44005
9.44145
9.44285
9.44424
9.44563
9.44701
9.44839
9.44977
9.45114
9.45251
9.45388
9.45524
9.4566
9.45796
9.45931
9.46066
9.46201
9.46335
9.46469
9.46603
9.46736
9.46869
9.47002
9.47134
9.47266
9.47398
9.47529
9.4766
9.47791
9.47921
9.48051
9.48181
9.4831
9.4844
9.48568
9.48697
9.48825
9.48953
9.4908
9.49207
9.49334
9.4946
9.49587
9.49713
9.49838
9.49963
9.50088
9.50213
9.50337
9.50461
9.50585
9.50708
9.50831
9.50954
9.51077
9.51199
9.51321
9.51442
9.51563
9.51684
9.51805
9.51925
9.52045
9.52165
9.52285
9.52404
9.52523
9.52641
9.52759
9.52877
9.52995
9.53112
9.53229
9.53346
9.53463
9.53579
9.53695
9.5381
9.53926
9.54041
9.54155
9.5427
9.54384
9.54498
9.54612
9.54725
9.54838
9.54951
9.55063
9.55175
9.55287
9.55399
9.5551
9.55621
9.55732
9.55843
9.55953
9.56063
9.56173
9.56282
9.56391
9.565
9.56609
9.56717
9.56825
9.56933
9.57041
9.57148
9.57255
9.57362
9.57468
9.57574
9.5768
9.57786
9.57891
9.57996
9.58101
9.58206
9.5831
9.58414
9.58518
9.58622
9.58725
9.58828
9.58931
9.59033
9.59136
9.59238
9.5934
9.59441
9.59542
9.59643
9.59744
9.59845
9.59945
9.60045
9.60145
9.60244
9.60343
9.60443
9.60541
9.6064
9.60738
9.60836
9.60934
9.61031
9.61129
9.61226
9.61323
9.61419
9.61516
9.61612
9.61707
9.61803
9.61898
9.61994
9.62088
9.62183
9.62278
9.62372
9.62466
9.62559
9.62653
9.62746
9.62839
9.62932
9.63025
9.63117
9.63209
9.63301
9.63392
9.63484
9.63575
9.63666
9.63757
9.63847
9.63937
9.64027
9.64117
9.64207
9.64296
9.64385
9.64474
9.64563
9.64652
9.6474
9.64828
9.64916
9.65003
9.65091
9.65178
9.65265
9.65351
9.65438
9.65524
9.6561
9.65696
9.65782
9.65867
9.65953
9.66038
9.66122
9.66207
9.66291
9.66375
9.66459
9.66543
9.66627
9.6671
9.66793
9.66876
9.66959
9.67041
9.67124
9.67206
9.67288
9.67369
9.67451
9.67532
9.67613
9.67694
9.67775
9.67855
9.67935
9.68015
9.68095
9.68175
9.68254
9.68334
9.68413
9.68492
9.6857
9.68649
9.68727
9.68805
9.68883
9.68961
9.69038
9.69115
9.69193
9.6927
9.69346
9.69423
9.69499
9.69575
9.69651
9.69727
9.69803
9.69878
9.69953
9.70028
9.70103
9.70178
9.70252
9.70326
9.70401
9.70474
9.70548
9.70622
9.70695
9.70768
9.70841
9.70914
9.70987
9.71059
9.71131
9.71203
9.71275
9.71347
9.71419
9.7149
9.71561
9.71632
9.71703
9.71774
9.71844
9.71914
9.71985
9.72055
9.72124
9.72194
9.72263
9.72333
9.72402
9.72471
9.72539
9.72608
9.72676
9.72745
9.72813
9.7288
9.72948
9.73016
9.73083
9.7315
9.73217
9.73284
9.73351
9.73417
9.73484
9.7355
9.73616
9.73682
9.73748
9.73813
9.73879
9.73944
9.74009
9.74074
9.74139
9.74203
9.74267
9.74332
9.74396
9.7446
9.74524
9.74587
9.74651
9.74714
9.74777
9.7484
9.74903
9.74965
9.75028
9.7509
9.75153
9.75215
9.75276
9.75338
9.754
9.75461
9.75522
9.75584
9.75645
9.75705
9.75766
9.75827
9.75887
9.75947
9.76007
9.76067
9.76127
9.76186
9.76246
9.76305
9.76364
9.76423
9.76482
9.76541
9.766
9.76658
9.76716
9.76774
9.76832
9.7689
9.76948
9.77005
9.77063
9.7712
9.77177
9.77234
9.77291
9.77348
9.77404
9.77461
9.77517
9.77573
9.77629
9.77685
9.77741
9.77796
9.77852
9.77907
9.77962
9.78017
9.78072
9.78127
9.78182
9.78236
9.7829
9.78345
9.78399
9.78453
9.78506
9.7856
9.78614
9.78667
9.7872
9.78773
9.78826
9.78879
9.78932
9.78985
9.79037
9.79089
9.79142
9.79194
9.79246
9.79297
9.79349
9.79401
9.79452
9.79503
9.79555
9.79606
9.79657
9.79707
9.79758
9.79809
9.79859
9.79909
9.79959
9.8001
9.80059
9.80109
9.80159
9.80208
9.80258
9.80307
9.80356
9.80405
9.80454
9.80503
9.80552
9.806
9.80649
9.80697
9.80745
9.80793
9.80841
9.80889
9.80937
9.80984
9.81032
9.81079
9.81127
9.81174
9.81221
9.81268
9.81314
9.81361
9.81408
9.81454
9.815
9.81546
9.81593
9.81639
9.81684
9.8173
9.81776
9.81821
9.81867
9.81912
9.81957
9.82002
9.82047
9.82092
9.82137
9.82181
9.82226
9.8227
9.82314
9.82358
9.82403
9.82446
9.8249
9.82534
9.82578
9.82621
9.82665
9.82708
9.82751
9.82794
9.82837
9.8288
9.82923
9.82965
9.83008
9.8305
9.83093
9.83135
9.83177
9.83219
9.83261
9.83303
9.83344
9.83386
9.83427
9.83469
9.8351
9.83551
9.83592
9.83633
9.83674
9.83715
9.83755
9.83796
9.83837
9.83877
9.83917
9.83957
9.83997
9.84037
9.84077
9.84117
9.84157
9.84196
9.84236
9.84275
9.84314
9.84353
9.84392
9.84431
9.8447
9.84509
9.84548
9.84586
9.84625
9.84663
9.84701
9.8474
9.84778
9.84816
9.84854
9.84892
9.84929
9.84967
9.85004
9.85042
9.85079
9.85116
9.85154
9.85191
9.85228
9.85265
9.85301
9.85338
9.85375
9.85411
9.85448
9.85484
9.8552
9.85556
9.85592
9.85628
9.85664
9.857
9.85736
9.85771
9.85807
9.85842
9.85878
9.85913
9.85948
9.85983
9.86018
9.86053
9.86088
9.86123
9.86157
9.86192
9.86226
9.86261
9.86295
9.86329
9.86363
9.86397
9.86431
9.86465
9.86499
9.86533
9.86566
9.866
9.86633
9.86667
9.867
9.86733
9.86766
9.86799
9.86832
9.86865
9.86898
9.86931
9.86963
9.86996
9.87028
9.87061
9.87093
9.87125
9.87158
9.8719
9.87222
9.87254
9.87285
9.87317
9.87349
9.8738
9.87412
9.87443
9.87475
9.87506
9.87537
9.87568
9.87599
9.8763
9.87661
9.87692
9.87723
9.87753
9.87784
9.87814
9.87845
9.87875
9.87905
9.87936
9.87966
9.87996
9.88026
9.88056
9.88086
9.88115
9.88145
9.88175
9.88204
9.88234
9.88263
9.88292
9.88321
9.88351
9.8838
9.88409
9.88438
9.88467
9.88495
9.88524
9.88553
9.88581
9.8861
9.88638
9.88667
9.88695
9.88723
9.88751
9.88779
9.88807
9.88835
9.88863
9.88891
9.88919
9.88946
9.88974
9.89002
9.89029
9.89056
9.89084
9.89111
9.89138
9.89165
9.89192
9.89219
9.89246
9.89273
9.893
9.89327
9.89353
9.8938
9.89406
9.89433
9.89459
9.89485
9.89512
9.89538
9.89564
9.8959
9.89616
9.89642
9.89668
9.89694
9.89719
9.89745
9.89771
9.89796
9.89822
9.89847
9.89872
9.89898
9.89923
9.89948
9.89973
9.89998
9.90023
9.90048
9.90073
9.90098
9.90123
9.90147
9.90172
9.90196
9.90221
9.90245
9.9027
9.90294
9.90318
9.90342
9.90366
9.9039
9.90414
9.90438
9.90462
9.90486
9.9051
9.90534
9.90557
9.90581
9.90604
9.90628
9.90651
9.90674
9.90698
9.90721
9.90744
9.90767
9.9079
9.90813
9.90836
9.90859
9.90882
9.90905
9.90927
9.9095
9.90973
9.90995
9.91018
9.9104
9.91063
9.91085
9.91107
9.91129
9.91151
9.91174
9.91196
9.91218
9.91239
9.91261
9.91283
9.91305
9.91327
9.91348
9.9137
9.91391
9.91413
9.91434
9.91456
9.91477
9.91498
9.9152
9.91541
9.91562
9.91583
9.91604
9.91625
9.91646
9.91667
9.91688
9.91708
9.91729
9.9175
9.9177
9.91791
9.91811
9.91832
9.91852
9.91872
9.91893
9.91913
9.91933
9.91953
9.91973
9.91993
9.92013
9.92033
9.92053
9.92073
9.92093
9.92113
9.92132
9.92152
9.92172
9.92191
9.92211
9.9223
9.9225
9.92269
9.92288
9.92307
9.92327
9.92346
9.92365
9.92384
9.92403
9.92422
9.92441
9.9246
9.92479
9.92497
9.92516
9.92535
9.92553
9.92572
9.92591
9.92609
9.92628
9.92646
9.92664
9.92683
9.92701
9.92719
9.92737
9.92755
9.92773
9.92792
9.9281
9.92827
9.92845
9.92863
9.92881
9.92899
9.92917
9.92934
9.92952
9.9297
9.92987
9.93005
9.93022
9.93039
9.93057
9.93074
9.93091
9.93109
9.93126
9.93143
9.9316
9.93177
9.93194
9.93211
9.93228
9.93245
9.93262
9.93279
9.93296
9.93312
9.93329
9.93346
9.93362
9.93379
9.93395
9.93412
9.93428
9.93445
9.93461
9.93478
9.93494
9.9351
9.93526
9.93542
9.93559
9.93575
9.93591
9.93607
9.93623
9.93639
9.93654
9.9367
9.93686
9.93702
9.93718
9.93733
9.93749
9.93765
9.9378
9.93796
9.93811
9.93827
9.93842
9.93857
9.93873
9.93888
9.93903
9.93918
9.93934
9.93949
9.93964
9.93979
9.93994
9.94009
9.94024
9.94039
9.94054
9.94069
9.94083
9.94098
9.94113
9.94128
9.94142
9.94157
9.94172
9.94186
9.94201
9.94215
9.9423
9.94244
9.94258
9.94273
9.94287
9.94301
9.94315
9.9433
9.94344
9.94358
9.94372
9.94386
9.944
9.94414
9.94428
9.94442
9.94456
9.9447
9.94483
9.94497
9.94511
9.94525
9.94538
9.94552
9.94566
9.94579
9.94593
9.94606
9.9462
9.94633
9.94646
9.9466
9.94673
9.94686
9.947
9.94713
9.94726
9.94739
9.94752
9.94766
9.94779
9.94792
9.94805
9.94818
9.94831
9.94844
9.94856
9.94869
9.94882
9.94895
9.94908
9.9492
9.94933
9.94946
9.94958
9.94971
9.94983
9.94996
9.95008
9.95021
9.95033
9.95046
9.95058
9.9507
9.95083
9.95095
9.95107
9.95119
9.95132
9.95144
9.95156
9.95168
9.9518
9.95192
9.95204
9.95216
9.95228
9.9524
9.95252
9.95264
9.95276
9.95287
9.95299
9.95311
9.95323
9.95334
9.95346
9.95357
9.95369
9.95381
9.95392
9.95404
9.95415
9.95427
9.95438
9.95449
9.95461
9.95472
9.95483
9.95495
9.95506
9.95517
9.95528
9.9554
9.95551
9.95562
9.95573
9.95584
9.95595
9.95606
9.95617
9.95628
9.95639
9.9565
9.95661
9.95671
9.95682
9.95693
9.95704
9.95714
9.95725
9.95736
9.95746
9.95757
9.95768
9.95778
9.95789
9.95799
9.9581
9.9582
9.95831
9.95841
9.95851
9.95862
9.95872
9.95882
9.95893
9.95903
9.95913
9.95923
9.95934
9.95944
9.95954
9.95964
9.95974
9.95984
9.95994
9.96004
9.96014
9.96024
9.96034
9.96044
9.96054
9.96064
9.96073
9.96083
9.96093
9.96103
9.96113
9.96122
9.96132
9.96142
9.96151
9.96161
9.9617
9.9618
9.9619
9.96199
9.96209
9.96218
9.96227
9.96237
9.96246
9.96256
9.96265
9.96274
9.96284
9.96293
9.96302
9.96311
9.96321
9.9633
9.96339
9.96348
9.96357
9.96366
9.96375
9.96384
9.96393
9.96402
9.96411
9.9642
9.96429
9.96438
9.96447
9.96456
9.96465
9.96474
9.96482
9.96491
9.965
9.96509
9.96517
9.96526
9.96535
9.96544
9.96552
9.96561
9.96569
9.96578
9.96586
9.96595
9.96603
9.96612
9.9662
9.96629
9.96637
9.96646
9.96654
9.96662
9.96671
9.96679
9.96687
9.96696
9.96704
9.96712
9.9672
9.96728
9.96737
9.96745
9.96753
9.96761
9.96769
9.96777
9.96785
9.96793
9.96801
9.96809
9.96817
9.96825
9.96833
9.96841
9.96849
9.96857
9.96865
9.96872
9.9688
9.96888
9.96896
9.96904
9.96911
9.96919
9.96927
9.96934
9.96942
9.9695
9.96957
9.96965
9.96972
9.9698
9.96988
9.96995
9.97003
9.9701
9.97018
9.97025
9.97032
9.9704
9.97047
9.97055
9.97062
9.97069
9.97077
9.97084
9.97091
9.97098
9.97106
9.97113
9.9712
9.97127
9.97134
9.97142
9.97149
9.97156
9.97163
9.9717
9.97177
9.97184
9.97191
9.97198
9.97205
9.97212
9.97219
9.97226
9.97233
9.9724
9.97247
9.97254
9.97261
9.97267
9.97274
9.97281
9.97288
9.97295
9.97301
9.97308
9.97315
9.97322
9.97328
9.97335
9.97342
9.97348
9.97355
9.97361
9.97368
9.97375
9.97381
9.97388
9.97394
9.97401
9.97407
9.97414
9.9742
9.97427
9.97433
9.97439
9.97446
9.97452
9.97458
9.97465
9.97471
9.97477
9.97484
9.9749
9.97496
9.97503
9.97509
9.97515
9.97521
9.97527
9.97534
9.9754
9.97546
9.97552
9.97558
9.97564
9.9757
9.97576
9.97582
9.97588
9.97595
9.97601
9.97607
9.97612
9.97618
9.97624
9.9763
9.97636
9.97642
9.97648
9.97654
9.9766
9.97666
9.97671
9.97677
9.97683
9.97689
9.97695
9.977
9.97706
9.97712
9.97718
9.97723
9.97729
9.97735
9.9774
9.97746
9.97752
9.97757
9.97763
9.97768
9.97774
9.97779
9.97785
9.97791
9.97796
9.97802
9.97807
9.97813
9.97818
9.97823
9.97829
9.97834
9.9784
9.97845
9.9785
9.97856
9.97861
9.97867
9.97872
9.97877
9.97882
9.97888
9.97893
9.97898
9.97904
9.97909
9.97914
9.97919
9.97924
9.9793
9.97935
9.9794
9.97945
9.9795
9.97955
9.9796
9.97965
9.97971
9.97976
9.97981
9.97986
9.97991
9.97996
9.98001
9.98006
9.98011
9.98016
9.98021
9.98026
9.98031
9.98035
9.9804
9.98045
9.9805
9.98055
9.9806
9.98065
9.9807
9.98074
9.98079
9.98084
9.98089
9.98094
9.98098
9.98103
9.98108
9.98112
9.98117
9.98122
9.98127
9.98131
9.98136
9.98141
9.98145
9.9815
9.98154
9.98159
9.98164
9.98168
9.98173
9.98177
9.98182
9.98187
9.98191
9.98196
9.982
9.98205
9.98209
9.98214
9.98218
9.98222
9.98227
9.98231
9.98236
9.9824
9.98244
9.98249
9.98253
9.98258
9.98262
9.98266
9.98271
9.98275
9.98279
9.98284
9.98288
9.98292
9.98296
9.98301
9.98305
9.98309
9.98313
9.98318
9.98322
9.98326
9.9833
9.98334
9.98338
9.98343
9.98347
9.98351
9.98355
9.98359
9.98363
9.98367
9.98371
9.98375
9.98379
9.98384
9.98388
9.98392
9.98396
9.984
9.98404
9.98408
9.98412
9.98416
9.98419
9.98423
9.98427
9.98431
9.98435
9.98439
9.98443
9.98447
9.98451
9.98455
9.98459
9.98462
9.98466
9.9847
9.98474
9.98478
9.98481
9.98485
9.98489
9.98493
9.98497
9.985
9.98504
9.98508
9.98512
9.98515
9.98519
9.98523
9.98526
9.9853
9.98534
9.98537
9.98541
9.98545
9.98548
9.98552
9.98556
9.98559
9.98563
9.98566
9.9857
9.98573
9.98577
9.98581
9.98584
9.98588
9.98591
9.98595
9.98598
9.98602
9.98605
9.98609
9.98612
9.98616
9.98619
9.98623
9.98626
9.98629
9.98633
9.98636
9.9864
9.98643
9.98646
9.9865
9.98653
9.98657
9.9866
9.98663
9.98667
9.9867
9.98673
9.98677
9.9868
9.98683
9.98686
9.9869
9.98693
9.98696
9.98699
9.98703
9.98706
9.98709
9.98712
9.98716
9.98719
9.98722
9.98725
9.98728
9.98732
9.98735
9.98738
9.98741
9.98744
9.98747
9.9875
9.98754
9.98757
9.9876
9.98763
9.98766
9.98769
9.98772
9.98775
9.98778
9.98781
9.98784
9.98787
9.9879
9.98793
9.98796
9.98799
9.98802
9.98805
9.98808
9.98811
9.98814
9.98817
9.9882
9.98823
9.98826
9.98829
9.98832
9.98835
9.98838
9.98841
9.98844
9.98847
9.98849
9.98852
9.98855
9.98858
9.98861
9.98864
9.98867
9.98869
9.98872
9.98875
9.98878
9.98881
9.98883
9.98886
9.98889
9.98892
9.98895
9.98897
9.989
9.98903
9.98906
9.98908
9.98911
9.98914
9.98916
9.98919
9.98922
9.98925
9.98927
9.9893
9.98933
9.98935
9.98938
9.98941
9.98943
9.98946
9.98948
9.98951
9.98954
9.98956
9.98959
9.98962
9.98964
9.98967
9.98969
9.98972
9.98974
9.98977
9.9898
9.98982
9.98985
9.98987
9.9899
9.98992
9.98995
9.98997
9.99
9.99002
9.99005
9.99007
9.9901
9.99012
9.99015
9.99017
9.9902
9.99022
9.99024
9.99027
9.99029
9.99032
9.99034
9.99037
9.99039
9.99041
9.99044
9.99046
9.99049
9.99051
9.99053
9.99056
9.99058
9.9906
9.99063
9.99065
9.99067
9.9907
9.99072
9.99074
9.99077
9.99079
9.99081
9.99084
9.99086
9.99088
9.9909
9.99093
9.99095
9.99097
9.99099
9.99102
9.99104
9.99106
9.99108
9.99111
9.99113
9.99115
9.99117
9.99119
9.99122
9.99124
9.99126
9.99128
9.9913
9.99133
9.99135
9.99137
9.99139
9.99141
9.99143
9.99146
9.99148
9.9915
9.99152
9.99154
9.99156
9.99158
9.9916
9.99162
9.99165
9.99167
9.99169
9.99171
9.99173
9.99175
9.99177
9.99179
9.99181
9.99183
9.99185
9.99187
9.99189
9.99191
9.99193
9.99195
9.99197
9.99199
9.99201
9.99203
9.99205
9.99207
9.99209
9.99211
9.99213
9.99215
9.99217
9.99219
9.99221
9.99223
9.99225
9.99227
9.99229
9.99231
9.99233
9.99235
9.99236
9.99238
9.9924
9.99242
9.99244
9.99246
9.99248
9.9925
9.99252
9.99253
9.99255
9.99257
9.99259
9.99261
9.99263
9.99265
9.99266
9.99268
9.9927
9.99272
9.99274
9.99275
9.99277
9.99279
9.99281
9.99283
9.99284
9.99286
9.99288
9.9929
9.99292
9.99293
9.99295
9.99297
9.99299
9.993
9.99302
9.99304
9.99306
9.99307
9.99309
9.99311
9.99313
9.99314
9.99316
9.99318
9.99319
9.99321
9.99323
9.99324
9.99326
9.99328
9.9933
9.99331
9.99333
9.99335
9.99336
9.99338
9.99339
9.99341
9.99343
9.99344
9.99346
9.99348
9.99349
9.99351
9.99353
9.99354
9.99356
9.99357
9.99359
9.99361
9.99362
9.99364
9.99365
9.99367
9.99369
9.9937
9.99372
9.99373
9.99375
9.99376
9.99378
9.9938
9.99381
9.99383
9.99384
9.99386
9.99387
9.99389
9.9939
9.99392
9.99393
9.99395
9.99396
9.99398
9.99399
9.99401
9.99402
9.99404
9.99405
9.99407
9.99408
9.9941
9.99411
9.99413
9.99414
9.99416
9.99417
9.99419
9.9942
9.99421
9.99423
9.99424
9.99426
9.99427
9.99429
9.9943
9.99431
9.99433
9.99434
9.99436
9.99437
9.99439
9.9944
9.99441
9.99443
9.99444
9.99446
