7.69
 7.22
 12.45
 9.52
 8.55
 8.00
 8.76
 8.05
 7.64
 6.66
 7.84
 9.31
 8.76
 7.93
 7.59
 7.17
 7.59
 8.97
 8.76
 7.74
 17.86
 7.69
 7.64
 7.17
 7.98
 8.00
 7.88
 7.88
 7.52
 7.93
 8.81
 7.59
 7.59
 7.59
 8.81
 8.40
 7.93
 8.71
 9.16
 9.41
 8.40
 7.07
 7.64
 7.53
 8.81
 8.24
 7.53
 8.00
 11.31
 7.12
 7.43
 7.83
 9.57
 9.22
 8.76
 7.93
 9.53
 8.03
 9.62
 9.64
 11.31
 9.47
 9.93
 10.14
 10.97
 11.72
 11.98
 15.36
 11.83
 17.21
 13.05
 14.12
 13.52
 13.41
 13.41
 14.48
 13.83
 14.19
 15.05
 15.21
 22.41
 16.74
 15.97
 19.71
 17.10
 17.10
 19.10
 17.26
 17.47
 18.12
 18.84
 18.84
 19.14
 20.33
 19.76
 23.86
 19.91
 23.74
 21.24
 20.47
 20.79
 21.60
 21.97
 21.81
 23.76
 25.02
 22.72
 24.67
 22.67
 29.53
 23.45
 22.88
 23.74
 24.10
 25.07
 28.71
 25.79
 25.84
 25.28
 26.21
 26.52
 25.93
 27.12
 26.21
 27.64
 26.62
 26.81
 28.00
 26.71
 27.69
 27.17
 26.97
 28.09
 28.16
 28.67
 27.74
 27.60
 26.83
 28.21
 27.31
 27.12
 26.41
 27.59
 27.12
 27.48
 27.53
 26.83
 27.53
 32.00
 18.53
 28.81
 28.31
 27.53
 26.26
 27.29
 26.88
 35.21
 27.12
 26.00
 28.16
 26.62
 26.41
 32.24
 26.67
 27.55
 27.53
 26.16
 26.47
 27.59
 26.83
 26.31
 25.81
 26.16
 27.55
 25.97
 27.50
 27.45
 26.47
 26.36
 25.19
 27.74
 26.21
 27.38
 27.03
 24.88
 25.29
 26.47
 25.60
 26.93
 25.69
 25.55
 26.16
 25.03
 25.19
 25.14
 24.36
 25.03
 24.67
 24.69
 26.72
 24.67
 25.03
 24.78
 24.52
 24.48
 24.67
 23.76
 24.57
 24.31
 23.71
 24.88
 24.98
 24.47
 23.91
 25.03
 23.74
 24.98
 24.22
 24.17
 24.52
 23.71
 24.05
 23.90
 24.10
 23.14
 23.34
 24.10
 24.17
 23.24
 24.91
 23.40
 24.33
 23.71
 23.71
 24.67
 30.21
 24.67
 24.98
 25.34
 23.40
 27.64
 23.71
 24.36
 24.12
 24.12
 25.55
 23.19
 24.59
 24.22
 24.62
 22.88
 22.07
 22.64
 24.72
 23.66
 25.28
 23.66
 23.29
 22.52
 22.38
 22.93
 23.09
 23.40
 22.07
 24.00
 22.31
 23.09
 21.91
 22.07
 22.33
 24.10
 22.12
 22.47
 21.60
 20.98
 20.48
 22.83
 24.00
 22.72
 22.78
 21.24
 21.91
 21.14
 21.91
 21.14
 21.55
 21.29
 21.34
 21.29
 22.98
 20.83
 20.84
 22.78
 21.40
 20.48
 20.69
 20.57
 20.78
 23.79
 22.57
 21.19
 20.93
 20.33
 20.57
 22.16
 20.90
 22.12
 20.17
 25.29
 22.12
 20.28
 20.22
 19.71
 20.40
 19.47
 19.34
 20.21
 20.78
 19.81
 21.50
 19.97
 20.38
 18.53
 19.45
 18.84
 22.38
 19.71
 19.29
 22.67
 20.02
 18.84
 18.72
 18.64
 18.53
 20.53
 19.09
 18.79
 18.76
 28.86
 18.79
 19.19
 19.10
 18.17
 18.90
 19.57
 18.59
 20.33
 17.97
 20.12
 18.28
 19.76
 20.93
 18.79
 20.22
 18.22
 18.43
 18.28
 18.43
 17.91
 27.33
 16.84
 19.55
 18.59
 20.28
 19.29
 19.16
 17.55
 18.12
 19.60
 19.10
 17.10
 18.48
 16.53
 17.16
 18.09
 17.26
 19.21
 20.38
 18.67
 16.90
 17.72
 16.95
 17.36
 17.05
 16.64
 19.05
 16.84
 16.95
 16.40
 16.33
 20.84
 17.40
 17.10
 16.17
 16.64
 16.59
 17.21
 16.69
 16.79
 17.55
 16.59
 15.91
 16.09
 17.98
 17.05
 18.95
 16.84
 16.03
 15.47
 17.50
 15.41
 16.14
 15.21
 15.93
 14.79
 18.33
 15.47
 15.62
 16.95
 19.76
 16.33
 17.21
 16.28
 16.64
 15.57
 18.84
 15.00
 15.60
 19.41
 15.93
 14.90
 15.67
 15.21
 15.41
 15.47
 16.28
 14.59
 19.05
 14.38
 15.41
 14.91
 15.93
 14.86
 16.07
 14.24
 17.52
 16.12
 17.86
 13.57
 14.76
 14.09
 15.98
 14.03
 14.17
 14.71
 13.88
 13.62
 15.21
 13.62
 14.24
 15.52
 14.19
 14.14
 13.41
 13.88
 17.81
 16.74
 13.98
 15.10
 18.64
 13.88
 15.05
 15.00
 13.93
 12.86
 12.90
 13.57
 13.36
 12.95
 13.78
 12.60
 12.29
 12.91
 12.48
 12.45
 12.14
 13.52
 13.31
 12.90
 13.21
 13.62
 13.26
 13.52
 12.29
 13.41
 12.24
 12.55
 12.64
 13.72
 13.38
 11.98
 11.83
 13.36
 12.29
 12.66
 14.53
 12.48
 12.53
 12.24
 13.05
 11.78
 11.26
 11.83
 12.71
 13.72
 11.72
 11.93
 13.41
 11.07
 12.55
 12.53
 12.38
 11.41
 12.09
 12.29
 11.22
 11.67
 11.88
 11.43
 12.29
 11.67
 11.72
 10.81
 13.31
 11.26
 11.57
 13.17
 14.03
 11.93
 10.60
 11.43
 11.62
 10.66
 10.66
 10.86
 11.52
 11.12
 10.60
 10.50
 10.71
 10.66
 10.24
 11.62
 10.14
 11.10
 15.41
 10.97
 10.50
 10.66
 11.62
 11.52
 12.45
 10.03
 10.03
 11.52
 9.22
 11.47
 9.84
 13.16
 10.34
 10.81
 9.93
 10.34
 10.76
 9.41
 9.67
 10.40
 9.28
 9.62
 10.86
 9.59
 14.71
 11.16
 11.31
 10.79
 10.29
 9.28
 10.14
 8.34
 10.09
 9.28
 9.69
 10.03
 9.22
 11.62
 8.91
 11.33
 8.71
 8.66
 9.53
 9.48
 9.33
 8.76
 9.16
 9.17
 8.81
 9.88
 8.40
 9.53
 8.55
 11.57
 8.60
 11.10
 8.09
 8.40
 8.91
 7.53
 7.59
 9.28
 8.26
 8.86
 9.22
 19.24
 8.81
 7.83
 8.26
 8.50
 7.57
 8.00
 7.59
 8.57
 8.05
 7.59
 9.05
 7.83
 7.84
 7.84
 7.38
 8.76
 7.33
 7.33
 8.50
 8.76
 6.76
 8.66
 6.97
 7.12
 7.17
 8.40
 7.43
 7.38
 6.91
 6.76
 10.79
 7.88
 7.69
 6.40
 7.17
 7.64
 7.59
 7.12
 6.55
 10.55
 7.02
 6.40
 6.41
 6.86
 6.47
 7.48
 8.03
 7.28
 12.09
 8.21
 6.86
 7.78
 9.22
 10.60
 10.09
 7.07
 7.53
 7.64
 7.59
 7.17
 7.93
 7.41
 13.21
 7.38
 17.41
 6.67
 5.90
 6.14
 6.14
 6.21
 5.74
 7.07
 6.91
 6.55
 6.50
 6.21
 6.62
 6.10
 6.40
 6.45
 6.97
 6.10
 6.05
 6.34
 6.81
 6.52
 6.05
 6.91
 7.33
 5.93
 5.88
 6.00
 6.41
 6.41
 5.48
 5.48
 5.53
 6.00
 6.47
 5.88
 6.05
 5.95
 6.00
 5.43
 5.43
 6.00
 5.53
 5.95
 5.90
 6.41
 5.53
 6.00
 5.84
 5.43
 6.40
 5.50
 6.00
 6.29
 5.43
 5.48
 5.48
 5.90
 5.38
 5.48
 5.53
 5.48
 5.84
 5.95
 5.95
 5.90
 5.43
 6.66
 5.95
 6.78
 6.31
 6.24
 5.79
 5.84
 6.36
 6.31
 5.74
 6.19
 6.78
 6.26
 6.26
 5.84
 6.16
 6.26
 5.83
 6.31
 6.19
 6.16
 5.90
 6.31
 6.31
 5.81
 6.26
 6.26
 6.26
 8.00
 7.59
 6.62
 6.62
 6.29

